1701.00547
1608.00278
1607.05783
1611.09741
1704.08767
1510.02602
2012.14805
1811.01231
1806.06278
2106.16030
0812.2781
1712.01433
2411.07928
1510.02727
2002.06087
2305.14111
2604.11226
1312.2741
2101.09497
1511.03214
nucl-ex/0104003
2605.16890
0805.4071
nucl-th/0301071
2012.06885
1104.1567
1910.06625
2007.09020
2410.19377
2510.15619
1705.07782
1911.01489
1606.09423
2603.09777
1707.04563
1711.07540
2605.03342
nucl-th/9802008
1812.11248
1705.06305
2008.08531
0906.3637
2407.15535
2103.15866
2108.05609
2001.02448
2004.13588
nucl-th/9706025
2109.03419
1508.01466
1701.08616
2406.09766
1906.07660
nucl-th/0007024
1201.3497
2502.01165
0706.1222
nucl-th/0004048
2504.03112
1508.04822
2009.12801
1203.5392
nucl-th/0001045
1006.1787
1810.04751
nucl-th/9704029
1607.06209
1608.02897
0908.3972
0801.3210
nucl-th/0702044
1505.03927
1608.02335
1902.03872
2307.16154
2502.17351
nucl-th/9705002
2201.09512
2404.01653
1908.08285
2008.10408
nucl-th/9909058
1310.8658
1712.00639
1103.3976
nucl-ex/0101010
2106.16184
2103.13133
2303.02985
2408.00175
nucl-th/9911051
nucl-th/0004035
nucl-th/9612027
1006.3499
0911.3947
nucl-th/0202009
nucl-th/0312101
2007.14836
2303.04826
0909.5556
2502.20672
nucl-th/0509034
nucl-th/0702005
2307.06875
0910.4404
0708.3868
2601.09568
2409.07090
hep-ph/0211324
nucl-th/9909061
1212.5343
1701.07659
2402.08199
1910.00307
1402.7154
nucl-th/9908063
1002.4532
1312.5684
1302.6490
nucl-th/0312006
0705.1678
1801.01272
2407.16452
0911.1699
1312.6792
nucl-th/0011073
1501.06488
1404.4690
0710.5933
nucl-th/0103028
2206.07546
nucl-th/0407026
2101.02885
nucl-th/0112067
1807.04349
1508.05875
1002.3587
nucl-th/9909012
nucl-th/0406065
nucl-th/9908046
nucl-th/0505072
nucl-th/9808077
1901.03845
nucl-th/0408049
hep-ph/0604173
0902.4534
1201.4979
nucl-th/9808025
1910.07925
2602.16674
1312.7175
2110.07254
1912.03122
nucl-th/0308022
2602.19664
1907.03658
nucl-th/0102015
nucl-th/0112049
0711.1635
1707.06072
1904.07999
2308.08188
2412.16649
nucl-th/0401054
2209.01492
2211.01748
1405.5733
nucl-th/0501060
nucl-th/0311068
1809.02706
nucl-th/9309004
2104.03049
2211.15746
nucl-th/9701056
nucl-th/0503024
2204.11998
1807.07235
2303.02279
1112.1832
1512.02070
1809.06235
nucl-th/0011062
nucl-th/0601004
1108.4977
1603.08656
nucl-th/9908016
1802.01181
0709.1736
0710.4056
1409.6576
1411.0887
nucl-th/0610006
1807.07452
0910.1672
nucl-th/0111081
2603.23700
nucl-th/9805002
nucl-th/9704062
0711.2805
2102.02626
2407.20049
1203.0071
1605.06237
1501.04460
2604.05600
1211.2320
1911.06039
1909.03221
1512.00960
1407.5861
2312.09918
2306.06621
1303.4582
2401.07628
0907.5167
1311.5020
2312.13101
1801.06996
nucl-th/0506073
nucl-th/0509062
1003.0615
nucl-th/0307021
1009.0573
nucl-th/0605028
nucl-th/0312088
nucl-th/0202027
nucl-th/0107020
nucl-ex/9901003
nucl-th/0703041
2011.01327
0704.2176
nucl-th/0304043
2407.12129
nucl-th/0202028
2104.13689
nucl-ex/0502002
2010.00833
1511.08965
1910.11978
nucl-th/0408036
2201.12694
nucl-th/0111054
nucl-th/0111051
nucl-th/0301053
2605.26561
1209.0278
1105.6356
1204.5502
2503.00023
2309.15327
2106.05693
2309.09445
0810.0356
1506.02451
nucl-th/0306071
nucl-th/0408025
1504.06519
2206.06436
1105.1249
1504.00756
2109.13960
hep-ph/0703026
2604.22537
1809.06765
2004.06771
1105.1431
nucl-th/9509007
hep-ph/9605214
1807.03441
1106.1051
nucl-th/0107034
2303.17390
hep-ph/0109006
nucl-th/0506075
1004.2318
hep-ph/0607125
hep-ph/0212161
hep-ph/0009170
1806.00609
1708.01527
1509.00508
1603.03261
nucl-th/9806023
nucl-th/9704031
2404.07496
1902.10572
nucl-th/0306025
2008.11160
hep-ph/9612217
0710.1931
0901.2084
hep-ph/9610423
1903.09185
2211.06281
1303.2272
2005.08277
2008.12031
1601.06656
0801.4282
2312.09129
1010.5827
1802.08368
2307.14391
1001.2422
2008.05061
1312.7408
nucl-ex/0509011
1703.08921
nucl-th/0608059
0801.4550
1503.03039
nucl-ex/0611012
2205.02529
hep-ph/9407274
1208.5723
2209.14832
1201.5602
1204.5793
2409.03691
2012.14161
nucl-th/0405013
nucl-th/0209080
1501.06477
1912.10053
2309.03870
2604.01865
nucl-th/0610004
2109.10959
1112.5338
nucl-th/0506012
nucl-th/0511059
nucl-th/0409016
1607.04969
2508.07584
2504.10420
1205.0623
nucl-th/0302034
1509.02292
2504.04026
nucl-th/0703085
1105.5195
1403.6302
nucl-th/0605029
nucl-th/0204002
1706.06298
1804.00477
2601.08245
0806.2307
2602.15492
0704.1586
1209.2691
1104.1235
2006.01548
1404.1155
1006.0668
2303.10595
1510.00752
nucl-th/0301070
nucl-th/0601097
1704.01387
0902.3515
1511.05729
2603.24253
1510.01408
0709.0439
nucl-th/0307024
1804.00416
1608.08966
nucl-th/0405062
0812.3693
2605.23541
nucl-th/0202004
nucl-th/9902021
1205.6034
1909.05439
2008.01282
1702.04954
1702.03135
2201.11012
1212.3224
1611.00219
1605.02316
nucl-th/0405050
1603.01627
1801.02739
nucl-th/0212002
nucl-th/0505007
1907.01836
0908.0960
1208.6435
2008.13125
nucl-th/0308002
1610.07378
1711.07209
1203.4335
nucl-th/0407040
1503.06257
1011.6427
2003.05123
2103.09511
0807.1464
nucl-th/0602034
0804.1186
1307.7294
1903.10580
1205.4630
1302.4581
1004.1911
1212.4294
1807.07877
2206.09786
1305.1449
1401.6893
2602.12690
0911.3986
2605.30980
1704.01384
2507.11050
nucl-th/0105019
1110.0848
2512.17687
nucl-th/0210015
1911.11021
2009.01159
1410.6410
1403.3853
2103.00100
2205.07119
1205.5730
nucl-th/0602033
nucl-th/0612057
0708.0658
2011.05130
nucl-th/0208069
nucl-th/0602001
2512.24358
1702.00463
2506.08044
1806.08828
1909.06021
2407.21089
1403.4909
nucl-th/0610082
1511.08859
1406.5735
nucl-th/0504068
nucl-th/0509035
2307.08963
1702.01589
nucl-th/0604057
2007.13331
2203.04094
2007.13139
0705.3307
2404.00454
2207.01433
0712.2922
1909.03225
2502.11240
1009.3965
1105.4942
2602.22763
1108.4663
1004.4517
nucl-th/0307041
0808.3478
0802.3463
nucl-th/0403062
nucl-th/0607015
nucl-th/9611029
nucl-th/0208032
nucl-th/0211080
nucl-th/0304077
nucl-th/0307030
nucl-th/0501020
nucl-th/0506086
0908.3275
1110.2534
nucl-th/0401026
0712.2275
nucl-th/0408010
1003.5614
0910.0342
nucl-th/0401012
2301.12691
1212.3915
1806.01679
nucl-th/0509083
nucl-th/0312127
2211.12113
2403.08489
nucl-th/0403070
nucl-th/0307074
2201.08061
1009.0520
1803.04618
2305.17792
1011.4895
1209.5384
1505.02239
